6.790e+01 2.200e-02 1.220e-01 0.000e+00 6.000e-02 9.650e-01 -5.337e+03
6.804e+01 2.192e-02 1.220e-01 0.000e+00 5.751e-02 9.638e-01 -4.770e+03
6.804e+01 2.192e-02 1.220e-01 0.000e+00 5.751e-02 9.638e-01 -4.770e+03
6.804e+01 2.192e-02 1.220e-01 0.000e+00 5.751e-02 9.638e-01 -4.770e+03
6.797e+01 2.209e-02 1.221e-01 0.000e+00 5.778e-02 9.628e-01 -4.614e+03
6.804e+01 2.214e-02 1.220e-01 0.000e+00 4.595e-02 9.622e-01 -1.971e+03
6.789e+01 2.212e-02 1.220e-01 0.000e+00 4.391e-02 9.626e-01 -1.591e+03
6.782e+01 2.203e-02 1.220e-01 0.000e+00 4.202e-02 9.621e-01 -1.364e+03
6.774e+01 2.196e-02 1.220e-01 0.000e+00 3.820e-02 9.613e-01 -9.781e+02
6.774e+01 2.196e-02 1.220e-01 0.000e+00 3.820e-02 9.613e-01 -9.781e+02
6.761e+01 2.201e-02 1.220e-01 0.000e+00 2.822e-02 9.605e-01 -5.518e+02
6.761e+01 2.201e-02 1.220e-01 0.000e+00 2.822e-02 9.605e-01 -5.518e+02
6.744e+01 2.207e-02 1.221e-01 0.000e+00 3.070e-02 9.591e-01 -4.791e+02
6.744e+01 2.207e-02 1.221e-01 0.000e+00 3.070e-02 9.591e-01 -4.791e+02
6.744e+01 2.207e-02 1.221e-01 0.000e+00 3.070e-02 9.591e-01 -4.791e+02
6.744e+01 2.211e-02 1.221e-01 0.000e+00 3.095e-02 9.590e-01 -4.748e+02
6.715e+01 2.221e-02 1.221e-01 0.000e+00 3.031e-02 9.590e-01 -4.235e+02
6.715e+01 2.221e-02 1.221e-01 0.000e+00 3.031e-02 9.590e-01 -4.235e+02
6.715e+01 2.221e-02 1.221e-01 0.000e+00 3.031e-02 9.590e-01 -4.235e+02
6.715e+01 2.221e-02 1.221e-01 0.000e+00 3.031e-02 9.590e-01 -4.235e+02
6.710e+01 2.212e-02 1.223e-01 0.000e+00 3.067e-02 9.567e-01 -4.155e+02
6.710e+01 2.212e-02 1.223e-01 0.000e+00 3.067e-02 9.567e-01 -4.155e+02
6.710e+01 2.212e-02 1.223e-01 0.000e+00 3.067e-02 9.567e-01 -4.155e+02
6.710e+01 2.212e-02 1.223e-01 0.000e+00 3.067e-02 9.567e-01 -4.155e+02
6.710e+01 2.212e-02 1.223e-01 0.000e+00 3.067e-02 9.567e-01 -4.155e+02
6.710e+01 2.212e-02 1.223e-01 0.000e+00 3.067e-02 9.567e-01 -4.155e+02
6.710e+01 2.212e-02 1.223e-01 0.000e+00 3.067e-02 9.567e-01 -4.155e+02
6.710e+01 2.212e-02 1.223e-01 0.000e+00 3.067e-02 9.567e-01 -4.155e+02
6.699e+01 2.208e-02 1.224e-01 0.000e+00 3.167e-02 9.554e-01 -4.082e+02
6.699e+01 2.208e-02 1.224e-01 0.000e+00 3.167e-02 9.554e-01 -4.082e+02
6.699e+01 2.208e-02 1.224e-01 0.000e+00 3.167e-02 9.554e-01 -4.082e+02
6.699e+01 2.208e-02 1.224e-01 0.000e+00 3.167e-02 9.554e-01 -4.082e+02
6.680e+01 2.211e-02 1.221e-01 0.000e+00 3.069e-02 9.549e-01 -3.689e+02
6.680e+01 2.211e-02 1.221e-01 0.000e+00 3.069e-02 9.549e-01 -3.689e+02
6.680e+01 2.211e-02 1.221e-01 0.000e+00 3.069e-02 9.549e-01 -3.689e+02
6.680e+01 2.211e-02 1.221e-01 0.000e+00 3.069e-02 9.549e-01 -3.689e+02
6.680e+01 2.211e-02 1.221e-01 0.000e+00 3.069e-02 9.549e-01 -3.689e+02
6.680e+01 2.211e-02 1.221e-01 0.000e+00 3.069e-02 9.549e-01 -3.689e+02
6.680e+01 2.211e-02 1.221e-01 0.000e+00 3.069e-02 9.549e-01 -3.689e+02
6.680e+01 2.211e-02 1.221e-01 0.000e+00 3.069e-02 9.549e-01 -3.689e+02
6.680e+01 2.211e-02 1.221e-01 0.000e+00 3.069e-02 9.549e-01 -3.689e+02
6.680e+01 2.211e-02 1.221e-01 0.000e+00 3.069e-02 9.549e-01 -3.689e+02
6.680e+01 2.211e-02 1.221e-01 0.000e+00 3.069e-02 9.549e-01 -3.689e+02
6.680e+01 2.211e-02 1.221e-01 0.000e+00 3.069e-02 9.549e-01 -3.689e+02
6.670e+01 2.205e-02 1.220e-01 0.000e+00 3.259e-02 9.538e-01 -3.558e+02
6.670e+01 2.205e-02 1.220e-01 0.000e+00 3.259e-02 9.538e-01 -3.558e+02
6.670e+01 2.205e-02 1.220e-01 0.000e+00 3.259e-02 9.538e-01 -3.558e+02
6.670e+01 2.205e-02 1.220e-01 0.000e+00 3.259e-02 9.538e-01 -3.558e+02
6.670e+01 2.205e-02 1.220e-01 0.000e+00 3.259e-02 9.538e-01 -3.558e+02
6.670e+01 2.205e-02 1.220e-01 0.000e+00 3.259e-02 9.538e-01 -3.558e+02
6.670e+01 2.205e-02 1.220e-01 0.000e+00 3.259e-02 9.538e-01 -3.558e+02
6.670e+01 2.205e-02 1.220e-01 0.000e+00 3.259e-02 9.538e-01 -3.558e+02
6.670e+01 2.205e-02 1.220e-01 0.000e+00 3.259e-02 9.538e-01 -3.558e+02
6.670e+01 2.205e-02 1.220e-01 0.000e+00 3.259e-02 9.538e-01 -3.558e+02
6.670e+01 2.205e-02 1.220e-01 0.000e+00 3.259e-02 9.538e-01 -3.558e+02
6.670e+01 2.205e-02 1.220e-01 0.000e+00 3.259e-02 9.538e-01 -3.558e+02
6.670e+01 2.205e-02 1.220e-01 0.000e+00 3.259e-02 9.538e-01 -3.558e+02
6.670e+01 2.205e-02 1.220e-01 0.000e+00 3.259e-02 9.538e-01 -3.558e+02
6.670e+01 2.205e-02 1.220e-01 0.000e+00 3.259e-02 9.538e-01 -3.558e+02
6.670e+01 2.205e-02 1.220e-01 0.000e+00 3.259e-02 9.538e-01 -3.558e+02
6.670e+01 2.205e-02 1.220e-01 0.000e+00 3.259e-02 9.538e-01 -3.558e+02
6.670e+01 2.205e-02 1.220e-01 0.000e+00 3.259e-02 9.538e-01 -3.558e+02
6.670e+01 2.205e-02 1.220e-01 0.000e+00 3.259e-02 9.538e-01 -3.558e+02
6.670e+01 2.205e-02 1.220e-01 0.000e+00 3.259e-02 9.538e-01 -3.558e+02
6.670e+01 2.205e-02 1.220e-01 0.000e+00 3.259e-02 9.538e-01 -3.558e+02
6.670e+01 2.205e-02 1.220e-01 0.000e+00 3.259e-02 9.538e-01 -3.558e+02
6.670e+01 2.205e-02 1.220e-01 0.000e+00 3.259e-02 9.538e-01 -3.558e+02
6.656e+01 2.204e-02 1.221e-01 0.000e+00 3.161e-02 9.525e-01 -3.381e+02
6.656e+01 2.204e-02 1.221e-01 0.000e+00 3.161e-02 9.525e-01 -3.381e+02
6.656e+01 2.204e-02 1.221e-01 0.000e+00 3.161e-02 9.525e-01 -3.381e+02
6.656e+01 2.204e-02 1.221e-01 0.000e+00 3.161e-02 9.525e-01 -3.381e+02
6.656e+01 2.204e-02 1.221e-01 0.000e+00 3.161e-02 9.525e-01 -3.381e+02
6.656e+01 2.204e-02 1.221e-01 0.000e+00 3.161e-02 9.525e-01 -3.381e+02
6.656e+01 2.204e-02 1.221e-01 0.000e+00 3.161e-02 9.525e-01 -3.381e+02
6.656e+01 2.204e-02 1.221e-01 0.000e+00 3.161e-02 9.525e-01 -3.381e+02
6.656e+01 2.204e-02 1.221e-01 0.000e+00 3.161e-02 9.525e-01 -3.381e+02
6.656e+01 2.204e-02 1.221e-01 0.000e+00 3.161e-02 9.525e-01 -3.381e+02
6.656e+01 2.204e-02 1.221e-01 0.000e+00 3.161e-02 9.525e-01 -3.381e+02
6.656e+01 2.204e-02 1.221e-01 0.000e+00 3.161e-02 9.525e-01 -3.381e+02
6.656e+01 2.204e-02 1.221e-01 0.000e+00 3.161e-02 9.525e-01 -3.381e+02
6.656e+01 2.204e-02 1.221e-01 0.000e+00 3.161e-02 9.525e-01 -3.381e+02
6.655e+01 2.214e-02 1.221e-01 0.000e+00 3.289e-02 9.532e-01 -3.387e+02
6.655e+01 2.214e-02 1.221e-01 0.000e+00 3.289e-02 9.532e-01 -3.387e+02
6.655e+01 2.214e-02 1.221e-01 0.000e+00 3.289e-02 9.532e-01 -3.387e+02
6.655e+01 2.214e-02 1.221e-01 0.000e+00 3.289e-02 9.532e-01 -3.387e+02
6.655e+01 2.214e-02 1.221e-01 0.000e+00 3.289e-02 9.532e-01 -3.387e+02
6.655e+01 2.214e-02 1.221e-01 0.000e+00 3.289e-02 9.532e-01 -3.387e+02
6.655e+01 2.214e-02 1.221e-01 0.000e+00 3.289e-02 9.532e-01 -3.387e+02
6.655e+01 2.214e-02 1.221e-01 0.000e+00 3.289e-02 9.532e-01 -3.387e+02
6.655e+01 2.214e-02 1.221e-01 0.000e+00 3.289e-02 9.532e-01 -3.387e+02
6.655e+01 2.214e-02 1.221e-01 0.000e+00 3.289e-02 9.532e-01 -3.387e+02
6.655e+01 2.214e-02 1.221e-01 0.000e+00 3.289e-02 9.532e-01 -3.387e+02
6.655e+01 2.214e-02 1.221e-01 0.000e+00 3.289e-02 9.532e-01 -3.387e+02
6.655e+01 2.214e-02 1.221e-01 0.000e+00 3.289e-02 9.532e-01 -3.387e+02
6.655e+01 2.214e-02 1.221e-01 0.000e+00 3.289e-02 9.532e-01 -3.387e+02
6.655e+01 2.214e-02 1.221e-01 0.000e+00 3.289e-02 9.532e-01 -3.387e+02
6.655e+01 2.214e-02 1.221e-01 0.000e+00 3.289e-02 9.532e-01 -3.387e+02
6.655e+01 2.210e-02 1.221e-01 0.000e+00 3.195e-02 9.536e-01 -3.373e+02
6.655e+01 2.210e-02 1.221e-01 0.000e+00 3.195e-02 9.536e-01 -3.373e+02
6.655e+01 2.210e-02 1.221e-01 0.000e+00 3.195e-02 9.536e-01 -3.373e+02
