6.751993306783357696e+01 2.235949261753691214e-02 1.237063858790390519e-01 -1.582828597216421815e-02 5.289524161692243237e-02
6.749981514086196910e+01 2.192525470170968160e-02 1.220517563205474609e-01 -8.191530256272084101e-03 5.400172320848441176e-02
6.745599540347600964e+01 2.208416389626407378e-02 1.215164956710889921e-01 -4.788444584408785461e-04 6.440974457173537226e-02
6.750473386888735661e+01 2.173223994496451678e-02 1.217608864756322268e-01 2.168526385643608674e-03 5.423397708786991539e-02
6.752342205962453647e+01 2.183653956751677172e-02 1.213822079360224876e-01 -9.796557471285783844e-03 6.349878111955095661e-02
6.748574117726705879e+01 2.155728295805669353e-02 1.215609707010901486e-01 6.256821693232680545e-03 6.419843639185010553e-02
6.748893143650792581e+01 2.121194059389435241e-02 1.221303026410548997e-01 -1.668251231578550542e-02 5.893603749399650010e-02
6.746070346379747207e+01 2.196836950068731253e-02 1.233600171645325705e-01 -1.080888880205770411e-02 6.749599479097957710e-02
6.751738724737906239e+01 2.210061861229608085e-02 1.236954898099618116e-01 1.158140781396488177e-02 6.243908765504591757e-02
6.751688236015755251e+01 2.157702617731851319e-02 1.218548365521645305e-01 3.540867719241438602e-03 5.698288098841781946e-02
6.751993306783357696e+01 2.235949261753691214e-02 1.237063858790390519e-01 -1.582828597216421815e-02 5.289524161692243237e-02
6.750181538092753897e+01 2.189766301313724947e-02 1.220293424302569957e-01 -6.802255054016857067e-03 5.425450212265065658e-02
6.745599540347600964e+01 2.208416389626407378e-02 1.215164956710889921e-01 -4.788444584408785461e-04 6.440974457173537226e-02
6.750710788939647955e+01 2.171766765458599258e-02 1.217685181582142256e-01 2.809101678317068793e-03 5.459052992627542317e-02
6.752342205962453647e+01 2.183653956751677172e-02 1.213822079360224876e-01 -9.796557471285783844e-03 6.349878111955095661e-02
6.748574117726705879e+01 2.155728295805669353e-02 1.215609707010901486e-01 6.256821693232680545e-03 6.419843639185010553e-02
6.748893143650792581e+01 2.121194059389435241e-02 1.221303026410548997e-01 -1.668251231578550542e-02 5.893603749399650010e-02
6.746070346379747207e+01 2.196836950068731253e-02 1.233600171645325705e-01 -1.080888880205770411e-02 6.749599479097957710e-02
6.751738724737906239e+01 2.210061861229608085e-02 1.236954898099618116e-01 1.158140781396488177e-02 6.243908765504591757e-02
6.752108256501247752e+01 2.163188784340096260e-02 1.218134420702351173e-01 6.579849188008659450e-03 5.668937879364250448e-02
6.751993306783357696e+01 2.235949261753691214e-02 1.237063858790390519e-01 -1.582828597216421815e-02 5.289524161692243237e-02
6.750181538092753897e+01 2.189766301313724947e-02 1.220293424302569957e-01 -6.802255054016857067e-03 5.425450212265065658e-02
6.745599540347600964e+01 2.208416389626407378e-02 1.215164956710889921e-01 -4.788444584408785461e-04 6.440974457173537226e-02
6.750710788939647955e+01 2.171766765458599258e-02 1.217685181582142256e-01 2.809101678317068793e-03 5.459052992627542317e-02
6.754898230573560625e+01 2.229941620017522955e-02 1.208278113189951292e-01 -4.693527005873845970e-03 6.688013058420318180e-02
6.748574117726705879e+01 2.155728295805669353e-02 1.215609707010901486e-01 6.256821693232680545e-03 6.419843639185010553e-02
6.748712680509936490e+01 2.143091683684231891e-02 1.224987376033402353e-01 -1.277472841063289136e-02 6.073687216807374667e-02
6.748228262361661223e+01 2.201871590551466792e-02 1.234877294902323452e-01 -2.285043734805682070e-03 6.557086205668011258e-02
6.750014515596198805e+01 2.209599725382191751e-02 1.230835124893417121e-01 8.194248234229952604e-03 6.299255281505820869e-02
6.752108256501247752e+01 2.163188784340096260e-02 1.218134420702351173e-01 6.579849188008659450e-03 5.668937879364250448e-02
6.751993306783357696e+01 2.235949261753691214e-02 1.237063858790390519e-01 -1.582828597216421815e-02 5.289524161692243237e-02
6.748517364921241324e+01 2.197967294040120353e-02 1.219230266668634849e-01 -3.405249769400385366e-03 5.856643667846044010e-02
6.746355863393311836e+01 2.208619105168968533e-02 1.217849390633905377e-01 1.006930548595976437e-03 6.416696749476155648e-02
6.750710788939647955e+01 2.171766765458599258e-02 1.217685181582142256e-01 2.809101678317068793e-03 5.459052992627542317e-02
6.754898230573560625e+01 2.229941620017522955e-02 1.208278113189951292e-01 -4.693527005873845970e-03 6.688013058420318180e-02
6.748833714279702178e+01 2.157676902316590928e-02 1.215861868429683329e-01 5.837938232760352640e-03 6.303111622351187382e-02
6.748480942135620353e+01 2.171211109243293899e-02 1.229718564839943490e-01 -7.756620640469441899e-03 6.304938040550503442e-02
6.748228262361661223e+01 2.201871590551466792e-02 1.234877294902323452e-01 -2.285043734805682070e-03 6.557086205668011258e-02
6.750014515596198805e+01 2.209599725382191751e-02 1.230835124893417121e-01 8.194248234229952604e-03 6.299255281505820869e-02
6.752148969139715007e+01 2.162938880690339072e-02 1.218147508455075662e-01 6.689702958023642683e-03 5.675052488209826607e-02
6.750485340632032205e+01 2.213717624644424148e-02 1.231657487597501294e-01 -1.141711860731628100e-02 5.632121827623830929e-02
6.748610766702101671e+01 2.198692999088560848e-02 1.219954251530655925e-01 -2.681599312065300472e-03 5.884256595280185770e-02
6.746355863393311836e+01 2.208619105168968533e-02 1.217849390633905377e-01 1.006930548595976437e-03 6.416696749476155648e-02
6.750710788939647955e+01 2.171766765458599258e-02 1.217685181582142256e-01 2.809101678317068793e-03 5.459052992627542317e-02
6.755369796437773289e+01 2.233295200270362518e-02 1.207080076509772920e-01 -4.626255989730207636e-03 6.732566029682063302e-02
6.749333628199563861e+01 2.161429400213416702e-02 1.216347464258464434e-01 5.031280092377797206e-03 6.078316803486532444e-02
6.748498940252886769e+01 2.184432529389418801e-02 1.224535830537811093e-01 -5.606414886738905062e-03 6.083415865558940150e-02
6.748228262361661223e+01 2.201871590551466792e-02 1.234877294902323452e-01 -2.285043734805682070e-03 6.557086205668011258e-02
6.750014515596198805e+01 2.209599725382191751e-02 1.230835124893417121e-01 8.194248234229952604e-03 6.299255281505820869e-02
6.752148969139715007e+01 2.162938880690339072e-02 1.218147508455075662e-01 6.689702958023642683e-03 5.675052488209826607e-02
6.750485340632032205e+01 2.213717624644424148e-02 1.231657487597501294e-01 -1.141711860731628100e-02 5.632121827623830929e-02
6.747064128726123045e+01 2.186296765422590313e-02 1.210298367036681810e-01 4.525737601250703901e-03 6.092283176945218620e-02
6.746355863393311836e+01 2.208619105168968533e-02 1.217849390633905377e-01 1.006930548595976437e-03 6.416696749476155648e-02
6.750710788939647955e+01 2.171766765458599258e-02 1.217685181582142256e-01 2.809101678317068793e-03 5.459052992627542317e-02
6.755369796437773289e+01 2.233295200270362518e-02 1.207080076509772920e-01 -4.626255989730207636e-03 6.732566029682063302e-02
6.748920914333920962e+01 2.142692018707277601e-02 1.210861147763821477e-01 1.092553113943544457e-02 6.238209888016366111e-02
6.748498940252886769e+01 2.184432529389418801e-02 1.224535830537811093e-01 -5.606414886738905062e-03 6.083415865558940150e-02
6.747696935385202721e+01 2.194763021146747470e-02 1.223659126275661729e-01 8.234927288211712701e-04 6.344943561249241637e-02
6.750014515596198805e+01 2.209599725382191751e-02 1.230835124893417121e-01 8.194248234229952604e-03 6.299255281505820869e-02
6.755728665795376742e+01 2.134711992738648825e-02 1.218331722487090985e-01 1.020122204285026785e-02 5.216773009470127009e-02
